2026-03-27 09:58:07.101817 INFO::Writing function arguments to log file
2026-03-27 09:58:07.102423 DEBUG::Function arguments
2026-03-27 09:58:07.102604 DEBUG::Output folder: Maaslin2_root
2026-03-27 09:58:07.102744 DEBUG::Min Abundance: 0.000000
2026-03-27 09:58:07.102872 DEBUG::Min Prevalence: 0.100000
2026-03-27 09:58:07.103 DEBUG::Normalization: TSS
2026-03-27 09:58:07.103122 DEBUG::Transform: LOG
2026-03-27 09:58:07.103245 DEBUG::Analysis method: LM
2026-03-27 09:58:07.103356 DEBUG::Max significance: 0.250000
2026-03-27 09:58:07.103467 DEBUG::Random effects:
2026-03-27 09:58:07.103577 DEBUG::Fixed effects: Genotype
2026-03-27 09:58:07.103683 DEBUG::Correction method: BH
2026-03-27 09:58:07.10379 DEBUG::Standardize: TRUE
2026-03-27 09:58:07.103896 DEBUG::Cores: 1
2026-03-27 09:58:07.103999 INFO::Verifying options selected are valid
2026-03-27 09:58:07.104472 INFO::Determining format of input files
2026-03-27 09:58:07.104937 INFO::Input format is data samples as columns and metadata samples as rows
2026-03-27 09:58:07.10562 DEBUG::Transformed data so samples are rows
2026-03-27 09:58:07.105938 DEBUG::A total of 20 samples were found in both the data and metadata
2026-03-27 09:58:07.106097 DEBUG::Reordering data/metadata to use same sample ordering
2026-03-27 09:58:07.106711 INFO::Formula for fixed effects: expr ~  Genotype
2026-03-27 09:58:07.107224 INFO::Factor detected for categorial metadata 'Genotype'. Provide a reference argument or manually set factor ordering to change reference level.
2026-03-27 09:58:07.107627 INFO::Filter data based on min abundance and min prevalence
2026-03-27 09:58:07.108032 INFO::Total samples in data: 20
2026-03-27 09:58:07.108417 INFO::Min samples required with min abundance for a feature not to be filtered: 2.000000
2026-03-27 09:58:07.109292 INFO::Total filtered features: 9
2026-03-27 09:58:07.109725 INFO::Filtered feature names from abundance and prevalence filtering: LjRoot8, LjRoot80, LjRoot247, LjRoot58, LjRoot224, G25_LjRoot27, LjRoot246, LjRoot153, LjRoot100
2026-03-27 09:58:07.110791 INFO::Total filtered features with variance filtering: 0
2026-03-27 09:58:07.111238 INFO::Filtered feature names from variance filtering:
2026-03-27 09:58:07.111627 INFO::Running selected normalization method: TSS
2026-03-27 09:58:07.11251 INFO::Applying z-score to standardize continuous metadata
2026-03-27 09:58:07.114617 INFO::Running selected transform method: LOG
2026-03-27 09:58:07.115641 INFO::Running selected analysis method: LM
2026-03-27 09:58:07.116296 INFO::Fitting model to feature number 1, LjRoot221
2026-03-27 09:58:07.118103 INFO::Fitting model to feature number 2, LjRoot149
2026-03-27 09:58:07.119879 INFO::Fitting model to feature number 3, LjRoot223
2026-03-27 09:58:07.121722 INFO::Fitting model to feature number 4, G37_LjNodule209
2026-03-27 09:58:07.123491 INFO::Fitting model to feature number 5, G21_LjRoot111
2026-03-27 09:58:07.125214 INFO::Fitting model to feature number 6, LjRoot228
2026-03-27 09:58:07.127561 INFO::Fitting model to feature number 7, G3_LjRoot129
2026-03-27 09:58:07.129565 INFO::Fitting model to feature number 8, LjRoot196
2026-03-27 09:58:07.131901 INFO::Fitting model to feature number 9, G32_LjRoot291
2026-03-27 09:58:07.134682 INFO::Fitting model to feature number 10, LjRoot259
2026-03-27 09:58:07.138025 INFO::Fitting model to feature number 11, G11_LjRoot25
2026-03-27 09:58:07.141517 INFO::Fitting model to feature number 12, G8_LjRoot126
2026-03-27 09:58:07.145764 INFO::Fitting model to feature number 13, LjRoot17
2026-03-27 09:58:07.149755 INFO::Fitting model to feature number 14, G2_LjRoot102
2026-03-27 09:58:07.153604 INFO::Fitting model to feature number 15, G16_LjRoot125
2026-03-27 09:58:07.157516 INFO::Fitting model to feature number 16, LjRoot82
2026-03-27 09:58:07.161331 INFO::Fitting model to feature number 17, G20_LjRoot162
2026-03-27 09:58:07.164586 INFO::Fitting model to feature number 18, LjRoot183
2026-03-27 09:58:07.167734 INFO::Fitting model to feature number 19, G1_LjRoot134
2026-03-27 09:58:07.170779 INFO::Fitting model to feature number 20, LjRoot71
2026-03-27 09:58:07.173784 INFO::Fitting model to feature number 21, LjRoot289
2026-03-27 09:58:07.176964 INFO::Fitting model to feature number 22, LjRoot3
2026-03-27 09:58:07.180324 INFO::Fitting model to feature number 23, G4_LjRoot26
2026-03-27 09:58:07.183388 INFO::Fitting model to feature number 24, LjRoot18
2026-03-27 09:58:07.186273 INFO::Fitting model to feature number 25, G6_LjRoot130
2026-03-27 09:58:07.18923 INFO::Fitting model to feature number 26, G17_LjRoot232
2026-03-27 09:58:07.192048 INFO::Fitting model to feature number 27, LjRoot227
2026-03-27 09:58:07.194009 INFO::Fitting model to feature number 28, LjRoot219
2026-03-27 09:58:07.195766 INFO::Fitting model to feature number 29, LjRoot122
2026-03-27 09:58:07.19745 INFO::Fitting model to feature number 30, LjRoot243
2026-03-27 09:58:07.199118 INFO::Fitting model to feature number 31, G12_LjRoot70
2026-03-27 09:58:07.200746 INFO::Fitting model to feature number 32, G29_LjRoot226
2026-03-27 09:58:07.202283 INFO::Fitting model to feature number 33, G22_LjRoot238
2026-03-27 09:58:07.203836 INFO::Fitting model to feature number 34, LjRoot237
2026-03-27 09:58:07.205505 INFO::Fitting model to feature number 35, G7_LjRoot117
2026-03-27 09:58:07.20735 INFO::Fitting model to feature number 36, LjRoot10
2026-03-27 09:58:07.209005 INFO::Fitting model to feature number 37, LjRoot229
2026-03-27 09:58:07.210569 INFO::Fitting model to feature number 38, G5_LjRoot105
2026-03-27 09:58:07.212139 INFO::Fitting model to feature number 39, LjRoot11
2026-03-27 09:58:07.213691 INFO::Fitting model to feature number 40, G36_LjRoot142
2026-03-27 09:58:07.21524 INFO::Fitting model to feature number 41, G14_LjRoot22
2026-03-27 09:58:07.216777 INFO::Fitting model to feature number 42, LjRoot285
2026-03-27 09:58:07.218327 INFO::Fitting model to feature number 43, LjRoot240
2026-03-27 09:58:07.219975 INFO::Fitting model to feature number 44, LjRoot248
2026-03-27 09:58:07.221981 INFO::Fitting model to feature number 45, G35_LjRoot145
2026-03-27 09:58:07.224116 INFO::Fitting model to feature number 46, LjRoot89
2026-03-27 09:58:07.225822 INFO::Fitting model to feature number 47, LjRoot1
2026-03-27 09:58:07.227443 INFO::Fitting model to feature number 48, G30_LjRoot2
2026-03-27 09:58:07.229059 INFO::Fitting model to feature number 49, LjRoot277
2026-03-27 09:58:07.230685 INFO::Fitting model to feature number 50, LjRoot152
2026-03-27 09:58:07.232291 INFO::Fitting model to feature number 51, G33_LjRoot104
2026-03-27 09:58:07.233864 INFO::Fitting model to feature number 52, G27_LjRoot78
2026-03-27 09:58:07.235432 INFO::Fitting model to feature number 53, LjRoot30
2026-03-27 09:58:07.23701 INFO::Fitting model to feature number 54, LjRoot295
2026-03-27 09:58:07.238731 INFO::Fitting model to feature number 55, LjRoot296
2026-03-27 09:58:07.240452 INFO::Fitting model to feature number 56, LjRoot257
2026-03-27 09:58:07.242234 INFO::Fitting model to feature number 57, G9_LjRoot131
2026-03-27 09:58:07.243888 INFO::Fitting model to feature number 58, G24_LjRoot12
2026-03-27 09:58:07.245488 INFO::Fitting model to feature number 59, LjRoot244
2026-03-27 09:58:07.247084 INFO::Fitting model to feature number 60, G15_LjRoot29
2026-03-27 09:58:07.248686 INFO::Fitting model to feature number 61, LjRoot230
2026-03-27 09:58:07.250287 INFO::Fitting model to feature number 62, LjRoot258
2026-03-27 09:58:07.251905 INFO::Fitting model to feature number 63, LjRoot220
2026-03-27 09:58:07.253581 INFO::Fitting model to feature number 64, G34_LjRoot233
2026-03-27 09:58:07.255677 INFO::Fitting model to feature number 65, LjRoot261
2026-03-27 09:58:07.257417 INFO::Fitting model to feature number 66, G31_LjRoot101
2026-03-27 09:58:07.259004 INFO::Fitting model to feature number 67, LjRoot28
2026-03-27 09:58:07.260564 INFO::Fitting model to feature number 68, LjRoot288
2026-03-27 09:58:07.262119 INFO::Fitting model to feature number 69, LjRoot231
2026-03-27 09:58:07.271703 INFO::Counting total values for each feature
2026-03-27 09:58:07.277774 INFO::Writing filtered data to file Maaslin2_root/features/filtered_data.tsv
2026-03-27 09:58:07.279712 INFO::Writing filtered, normalized data to file Maaslin2_root/features/filtered_data_norm.tsv
2026-03-27 09:58:07.281474 INFO::Writing filtered, normalized, transformed data to file Maaslin2_root/features/filtered_data_norm_transformed.tsv
2026-03-27 09:58:07.283334 WARNING::Deleting existing residuals file: Maaslin2_root/fits/residuals.rds
2026-03-27 09:58:07.284024 INFO::Writing residuals to file Maaslin2_root/fits/residuals.rds
2026-03-27 09:58:07.284808 WARNING::Deleting existing fitted file: Maaslin2_root/fits/fitted.rds
2026-03-27 09:58:07.285457 INFO::Writing fitted values to file Maaslin2_root/fits/fitted.rds
2026-03-27 09:58:07.286083 INFO::Writing all results to file (ordered by increasing q-values): Maaslin2_root/all_results.tsv
2026-03-27 09:58:07.288271 INFO::Writing the significant results (those which are less than or equal to the threshold of 0.250000 ) to file (ordered by increasing q-values): Maaslin2_root/significant_results.tsv
