2026-02-19 15:33:30.105488 INFO::Writing function arguments to log file
2026-02-19 15:33:30.14801 DEBUG::Function arguments
2026-02-19 15:33:30.164853 DEBUG::Output folder: Maslin_output
2026-02-19 15:33:30.18642 DEBUG::Min Abundance: 0.000000
2026-02-19 15:33:30.202799 DEBUG::Min Prevalence: 0.100000
2026-02-19 15:33:30.225085 DEBUG::Normalization: TSS
2026-02-19 15:33:30.240781 DEBUG::Transform: LOG
2026-02-19 15:33:30.261 DEBUG::Analysis method: LM
2026-02-19 15:33:30.277823 DEBUG::Max significance: 0.250000
2026-02-19 15:33:30.296789 DEBUG::Random effects:
2026-02-19 15:33:30.335389 DEBUG::Fixed effects: Genotype
2026-02-19 15:33:30.358849 DEBUG::Correction method: BH
2026-02-19 15:33:30.377736 DEBUG::Standardize: TRUE
2026-02-19 15:33:30.397772 DEBUG::Cores: 1
2026-02-19 15:33:30.414969 INFO::Verifying options selected are valid
2026-02-19 15:33:30.441292 INFO::Determining format of input files
2026-02-19 15:33:30.467458 INFO::Input format is data samples as columns and metadata samples as rows
2026-02-19 15:33:30.484996 DEBUG::Transformed data so samples are rows
2026-02-19 15:33:30.5028 DEBUG::A total of 29 samples were found in both the data and metadata
2026-02-19 15:33:30.518865 DEBUG::Reordering data/metadata to use same sample ordering
2026-02-19 15:33:30.54006 INFO::Formula for fixed effects: expr ~  Genotype
2026-02-19 15:33:30.561116 INFO::Factor detected for categorial metadata 'Genotype'. Provide a reference argument or manually set factor ordering to change reference level.
2026-02-19 15:33:30.576775 INFO::Filter data based on min abundance and min prevalence
2026-02-19 15:33:30.594512 INFO::Total samples in data: 29
2026-02-19 15:33:30.639273 INFO::Min samples required with min abundance for a feature not to be filtered: 2.900000
2026-02-19 15:33:30.662172 INFO::Total filtered features: 0
2026-02-19 15:33:30.678699 INFO::Filtered feature names from abundance and prevalence filtering:
2026-02-19 15:33:30.69953 INFO::Total filtered features with variance filtering: 0
2026-02-19 15:33:30.716578 INFO::Filtered feature names from variance filtering:
2026-02-19 15:33:30.74133 INFO::Running selected normalization method: TSS
2026-02-19 15:33:30.766401 INFO::Applying z-score to standardize continuous metadata
2026-02-19 15:33:30.787424 INFO::Running selected transform method: LOG
2026-02-19 15:33:30.805927 INFO::Running selected analysis method: LM
2026-02-19 15:33:30.821629 INFO::Fitting model to feature number 1, Bacillales
2026-02-19 15:33:30.84806 INFO::Fitting model to feature number 2, Burkholderiales
2026-02-19 15:33:30.872505 INFO::Fitting model to feature number 3, Caulobacterales
2026-02-19 15:33:30.890054 INFO::Fitting model to feature number 4, Corynebacteriales
2026-02-19 15:33:30.913956 INFO::Fitting model to feature number 5, Enterobacterales
2026-02-19 15:33:30.940475 INFO::Fitting model to feature number 6, Micrococcales
2026-02-19 15:33:30.964807 INFO::Fitting model to feature number 7, Propionibacteriales
2026-02-19 15:33:30.984106 INFO::Fitting model to feature number 8, Pseudomonadales
2026-02-19 15:33:30.999605 INFO::Fitting model to feature number 9, Rhizobiales
2026-02-19 15:33:31.017274 INFO::Fitting model to feature number 10, Rhodobacterales
2026-02-19 15:33:31.03988 INFO::Fitting model to feature number 11, Rhodospirillales
2026-02-19 15:33:31.072509 INFO::Fitting model to feature number 12, Sphingobacteriales
2026-02-19 15:33:31.091624 INFO::Fitting model to feature number 13, Sphingomonadales
2026-02-19 15:33:31.107733 INFO::Fitting model to feature number 14, Xanthomonadales
2026-02-19 15:33:31.128558 INFO::Counting total values for each feature
2026-02-19 15:33:31.146858 INFO::Writing filtered data to file Maslin_output/features/filtered_data.tsv
2026-02-19 15:33:31.194115 INFO::Writing filtered, normalized data to file Maslin_output/features/filtered_data_norm.tsv
2026-02-19 15:33:31.283952 INFO::Writing filtered, normalized, transformed data to file Maslin_output/features/filtered_data_norm_transformed.tsv
2026-02-19 15:33:31.356943 WARNING::Deleting existing residuals file: Maslin_output/fits/residuals.rds
2026-02-19 15:33:31.41868 INFO::Writing residuals to file Maslin_output/fits/residuals.rds
2026-02-19 15:33:31.503843 WARNING::Deleting existing fitted file: Maslin_output/fits/fitted.rds
2026-02-19 15:33:31.566711 INFO::Writing fitted values to file Maslin_output/fits/fitted.rds
2026-02-19 15:33:31.627836 INFO::Writing all results to file (ordered by increasing q-values): Maslin_output/all_results.tsv
2026-02-19 15:33:31.712757 INFO::Writing the significant results (those which are less than or equal to the threshold of 0.250000 ) to file (ordered by increasing q-values): Maslin_output/significant_results.tsv
